Top probability per row:
Row 0: token=28641, probability=7.518746E-005
Row 1: token=28641, probability=7.518652E-005
Row 2: token=28641, probability=7.517538E-005
Row 3: token=28641, probability=7.516072E-005
Row 4: token=28641, probability=7.515122E-005

----------------------------------------------------------------------------------
Hidden state:
Hidden state shape: 5 × 768

Token 0: 1.4616, -1.2193, 0.2913, 0.8102, 0.3813, 0.2155, -0.2414, 0.3571, -1.3587, 0.5715, 0.6043, 1.2833, -0.1907, -1.0491, 1.1188, -1.8791, 0.5430, 0.0762, 0.1763, -0.3403, -1.9569, -1.5588, -0.4024, 0.1003, -2.0182, -0.7792, -0.6893, 0.7948, -0.5596, -1.3099, -0.1531, -0.1557, -0.4767, 0.7403, 1.4182, 0.2640, 1.1450, -0.9300, -0.2447, -1.3539, 1.5213, 0.2833, -0.0158, 1.6706, 2.3126, 0.6834, -1.6852, -0.0968, 1.0001, 1.1988, 1.5715, 0.6852, 1.9026, -0.1221, 0.3363, -1.9616, -0.1941, 0.3440, 1.1466, -0.7722, -0.3441, 1.1660, -0.1684, -0.1900, -0.8718, -1.2164, 0.2469, -0.3111, 0.0231, -0.8126, -1.0764, -1.4465, -0.2488, 0.0907, -0.8645, -0.5173, 0.2544, 2.2433, 0.4803, -0.1262, -0.9323, 0.8603, 1.5144, -0.8897, -1.0488, -0.8109, -0.1091, 1.3210, -1.0168, -0.1812, -1.3133, -1.2364, 1.8748, 0.8216, -0.6278, 0.8916, -0.4705, 1.7749, -0.6292, 0.5104, 0.2733, 0.7186, -0.1503, 0.5163, -0.1967, 1.3244, 0.8415, -1.1090, 1.0367, -1.7985, 0.9551, -3.7700, -1.2324, 2.4057, -0.1705, 0.1743, 0.5316, -0.5462, -0.2763, 0.6709, 1.1821, 0.1403, -1.6166, -0.0750, 0.6929, -2.3236, 0.5088, 1.7168, 0.6960, 1.1800, 1.7277, 0.9878, 0.2986, 0.1259, 0.0130, 0.7733, 0.2337, 1.0455, -0.4773, -0.9355, -1.1682, -1.2814, 0.5610, -0.3280, 0.1296, 0.5913, -0.1018, -1.7092, -0.2383, 0.4508, 0.1569, 0.2660, -0.5673, -0.3506, -0.2125, 1.4222, 0.0103, 0.2412, 0.9153, 0.6918, -0.3152, 1.0459, -0.4804, 0.3863, 2.3924, -1.3145, 0.7820, -0.1682, 0.0250, -0.7310, -1.4246, -1.5446, 2.4100, 1.4772, -0.0331, -0.9754, 0.0325, 0.4718, -2.0642, 0.2569, 0.9255, 0.2706, 1.3174, -0.4723, -0.4398, 0.7171, 0.1814, -1.4679, 0.5411, -0.3970, 0.2337, -0.5824, -0.4824, -0.5502, -1.1547, -1.7729, 0.2247, 0.6482, 0.0120, 0.6586, 0.2944, 1.3267, -0.6274, 1.2453, 0.0354, -1.0694, 0.9818, -1.0327, 1.4277, 0.6009, -1.7597, -0.1994, 0.4241, -0.2302, 0.7540, 0.2663, 0.9269, 0.2806, -0.3166, 0.0597, 0.8547, -0.4243, -0.4292, 0.6906, -0.2003, -1.5729, -1.1676, -1.1980, -0.5797, 1.0436, 0.1018, -0.4472, 0.4889, -0.8819, -1.1067, -1.2382, 0.0822, -0.5677, 0.6469, 0.2089, -0.4923, 0.3275, 0.5551, -1.5069, -0.2381, 0.5709, 0.2598, 0.7554, 0.2796, -0.6279, -0.8495, -0.9863, 0.2771, -0.4019, 0.1546, 0.4310, 0.2449, 1.4317, -1.1951, -1.0061, -1.1316, 0.6350, 1.4834, -1.1422, -1.6307, 0.8695, -0.8334, 0.8345, -0.9092, 0.7294, -1.7892, 1.0020, 0.9178, -0.8532, 0.0210, -0.4445, -0.6440, 0.6478, -1.1671, 0.5369, 0.3086, 0.2364, 0.0428, -0.0094, 1.2525, -0.9533, -2.9453, 0.6645, 1.8681, 1.6531, -0.5948, -0.5191, -1.8920, -0.2487, -0.5374, -0.0526, 0.4189, -0.3266, -0.1784, 0.7315, -0.3252, -0.1695, -1.8297, -0.2969, -2.6939, 0.1971, 0.6360, -0.2908, 0.7848, 0.7135, 0.4725, -0.0562, -0.1252, -0.4501, 0.2032, -0.3760, 0.2940, 2.2599, 1.7931, -1.0696, -0.2208, -1.5428, 0.1356, 0.3807, -0.6999, -0.2354, 0.0277, -0.8947, 1.7519, 0.3061, -1.2807, 0.8364, -1.2389, 1.7943, -0.4439, 1.7566, -0.3635, -0.5675, 0.6737, -0.6094, 0.7329, 0.9030, 2.3977, -0.3256, 0.6896, 0.7196, -0.2066, 0.0466, -0.8365, -0.8291, 0.2336, -1.9209, 0.1194, -0.1275, -0.7390, -0.2690, -0.9236, 0.2996, -1.3211, 1.7750, -1.1587, 0.3901, 0.2619, -0.6017, 1.2657, 0.0490, 0.2716, 0.8092, 0.0944, 1.7469, 1.4378, 1.1977, 0.2294, 0.6842, 0.7796, -0.1203, -0.9953, -0.6880, -1.4573, 0.1116, -0.9548, 1.8224, -2.3996, -0.1789, -0.3384, -0.4761, -0.6529, 1.1088, 1.3386, 1.4858, -1.2730, 0.2834, 0.2297, -0.7113, -0.0742, 1.3950, -0.7034, -0.7539, 0.9217, -0.5133, 0.4814, 0.1683, -1.1088, -0.9115, 0.7024, -0.3392, 0.5753, 0.2997, 0.9767, 1.6286, 0.4223, -0.2194, -0.2287, -1.0000, 0.9278, -0.6353, 1.0175, 0.4106, -0.1056, -1.3832, -0.1912, 0.5464, -1.1369, -0.6967, -2.2768, 0.8327, -1.5321, 0.3971, 0.3550, 0.0479, -0.1764, 1.2513, 1.4369, -0.7806, 0.0049, -1.5109, -1.4187, 0.6243, -1.5170, -0.6778, 0.5582, -0.7328, -1.6144, 0.5541, -0.9926, 0.1249, -0.5889, 2.0539, -1.3239, 0.5265, -0.7589, 0.9731, -0.0029, 2.7119, -1.3893, -1.2636, 0.2846, -0.1209, -0.6708, -1.1734, 0.6727, -1.0693, 0.4944, -0.5841, 0.5578, -1.1857, 0.4949, 0.0489, -0.0588, -0.5504, 1.3775, -1.5933, -0.7499, -0.7811, -0.6403, 0.6772, 1.0811, 1.1582, 1.1559, -1.9395, -0.6435, 0.2515, 0.0182, -0.1711, -0.0404, 0.1841, -0.7945, 0.2803, -0.5343, 0.9324, 0.7038, -1.7591, -0.1238, -0.5256, -1.0044, 0.2196, -0.5513, -0.3245, 1.7569, 1.2979, 0.7724, 0.4161, -0.8364, -0.8735, -0.6379, -1.3003, -1.0202, -0.3598, -0.7351, 1.1540, 0.5404, -0.0520, -1.0778, -1.4359, -1.5951, -1.3313, -0.2091, 0.0269, -0.4576, 0.1570, 1.0364, 0.6949, -0.1120, 1.1771, 1.5627, -2.1971, 0.9852, -0.6046, 0.1264, 1.2503, -0.5185, -0.0612, -2.1837, -0.7967, -0.3154, -0.0253, 0.2243, 0.1769, 1.3782, -0.0337, 0.7280, 0.6553, -0.1329, 1.1339, -1.6014, 1.6801, -0.5292, -1.2734, 0.8166, -1.1714, -0.2596, 0.9274, 1.1109, 0.7158, 1.4227, -0.9122, 0.9425, 0.3250, 1.1729, 0.9629, 1.5926, 1.6533, -0.6033, 2.0087, 0.5263, -0.5552, 1.6554, -0.6264, 0.2424, -1.0577, 1.1325, 0.9289, 0.1549, -0.3120, -0.8095, 0.1843, -1.8489, 1.0752, -0.1074, -0.1617, -0.1172, -1.0387, -1.0782, -1.4890, -0.3387, 0.6163, 1.1683, -0.7322, -0.2806, -0.0550, 0.9433, 1.8409, -0.2726, -1.0310, 0.7987, -0.7609, -0.5396, 0.3089, 0.8897, -0.2058, -0.3334, -1.0510, -0.0123, 0.9561, -0.1863, -2.0279, 1.4591, 1.1044, 0.9700, -0.0754, -0.7508, -1.0609, 0.4925, -0.3720, 0.2094, 0.5707, -0.0736, -0.3794, 2.5912, 0.2904, -0.4080, 0.5622, 1.4865, -2.2781, -0.8630, 0.7377, 2.2870, 0.5235, -1.6680, 0.8235, 0.5027, 0.6628, -1.0738, 0.0721, -2.2952, 0.9517, -0.0598, 0.0845, 0.7608, 0.2516, 0.1330, -2.6534, 0.4038, 0.2073, -0.8664, 0.8080, 1.4071, -0.1478, 0.5862, -0.8505, 0.1265, -1.8208, -1.0129, -0.1440, 0.2820, 0.4321, -1.0092, 0.0678, 0.4452, -0.2799, -0.6321, 2.2254, 0.8341, -0.5289, -1.1441, 0.5903, -0.7634, 0.9352, 1.6933, -0.6258, 1.0409, 1.3977, -0.4330, 0.3261, 0.9970, 0.2789, -0.8425, 0.6277, -1.5648, 0.8321, 0.0942, 0.9770, 2.3676, -0.7696, 0.1748, 1.3188, -0.0646, 2.1632, 1.3548, -1.1652, 1.5029, 0.3902, -0.4878, -2.0359, -2.2501, 0.4888, -0.1669, -0.1109, -2.7674, -1.4104, 1.1117, 0.3147, 0.4411, 0.2378, 1.0975, 0.0880, 1.1112, 0.7720, 0.8362, 2.1607, 0.8133, 1.0220, -1.0611, 1.9012, 0.0689, -0.5924, 2.8634, 0.1056, 0.6599, 0.0305, -1.9294, -0.4940, 1.2524, -0.3909, -1.9028, -0.0469, 0.5952, -1.0007, -1.2668, 1.1382, -0.1574, 0.8706, -0.7856, 2.0069, -1.0323, 0.0142, 1.0158, -0.9241, -0.1369, -0.5738, -0.2429, -0.4766, -1.0437, 0.1213, 0.6207, -1.5749, -0.7170, 1.1232, -0.8572, 0.1295, 1.1397, 0.1912, -0.3172, -1.3787, 0.7797, 0.7081, -0.2409, -0.7046, 0.9146, -0.3765, -0.1517, -0.8516, -1.1670, 0.8903, -2.1179, -1.1152, -0.4895, -0.2127
Token 1: 1.4619, -1.2187, 0.2920, 0.8101, 0.3826, 0.2148, -0.2407, 0.3568, -1.3580, 0.5700, 0.6054, 1.2834, -0.1901, -1.0497, 1.1199, -1.8797, 0.5434, 0.0755, 0.1778, -0.3415, -1.9564, -1.5597, -0.4014, 0.0997, -2.0171, -0.7797, -0.6890, 0.7935, -0.5600, -1.3100, -0.1526, -0.1561, -0.4757, 0.7401, 1.4184, 0.2643, 1.1459, -0.9296, -0.2442, -1.3541, 1.5223, 0.2834, -0.0151, 1.6697, 2.3125, 0.6828, -1.6840, -0.0974, 1.0011, 1.1992, 1.5714, 0.6847, 1.9031, -0.1221, 0.3370, -1.9620, -0.1933, 0.3436, 1.1471, -0.7724, -0.3432, 1.1660, -0.1675, -0.1891, -0.8714, -1.2165, 0.2475, -0.3108, 0.0239, -0.8126, -1.0763, -1.4467, -0.2495, 0.0907, -0.8637, -0.5180, 0.2551, 2.2433, 0.4811, -0.1261, -0.9318, 0.8605, 1.5133, -0.8891, -1.0487, -0.8107, -0.1095, 1.3211, -1.0168, -0.1807, -1.3134, -1.2368, 1.8752, 0.8214, -0.6268, 0.8914, -0.4703, 1.7747, -0.6292, 0.5101, 0.2725, 0.7182, -0.1503, 0.5155, -0.1972, 1.3249, 0.8411, -1.1093, 1.0368, -1.7990, 0.9544, -3.7707, -1.2326, 2.4056, -0.1704, 0.1750, 0.5311, -0.5460, -0.2753, 0.6701, 1.1825, 0.1394, -1.6163, -0.0744, 0.6942, -2.3232, 0.5080, 1.7168, 0.6961, 1.1804, 1.7258, 0.9867, 0.2987, 0.1253, 0.0127, 0.7736, 0.2349, 1.0448, -0.4770, -0.9361, -1.1684, -1.2814, 0.5611, -0.3276, 0.1295, 0.5910, -0.1022, -1.7089, -0.2380, 0.4508, 0.1563, 0.2663, -0.5671, -0.3512, -0.2125, 1.4219, 0.0097, 0.2424, 0.9157, 0.6913, -0.3146, 1.0463, -0.4806, 0.3865, 2.3923, -1.3146, 0.7821, -0.1674, 0.0240, -0.7314, -1.4244, -1.5444, 2.4099, 1.4765, -0.0331, -0.9761, 0.0329, 0.4718, -2.0640, 0.2560, 0.9262, 0.2700, 1.3173, -0.4723, -0.4392, 0.7168, 0.1813, -1.4683, 0.5414, -0.3972, 0.2343, -0.5828, -0.4827, -0.5503, -1.1545, -1.7738, 0.2244, 0.6477, 0.0120, 0.6584, 0.2934, 1.3266, -0.6268, 1.2452, 0.0351, -1.0701, 0.9821, -1.0332, 1.4277, 0.6009, -1.7593, -0.1989, 0.4244, -0.2288, 0.7545, 0.2678, 0.9272, 0.2809, -0.3165, 0.0605, 0.8564, -0.4243, -0.4275, 0.6904, -0.2002, -1.5729, -1.1681, -1.1973, -0.5794, 1.0443, 0.1024, -0.4469, 0.4897, -0.8819, -1.1063, -1.2387, 0.0815, -0.5673, 0.6478, 0.2091, -0.4920, 0.3276, 0.5544, -1.5072, -0.2382, 0.5716, 0.2600, 0.7552, 0.2800, -0.6280, -0.8502, -0.9856, 0.2757, -0.4019, 0.1543, 0.4311, 0.2439, 1.4313, -1.1950, -1.0064, -1.1313, 0.6349, 1.4831, -1.1417, -1.6301, 0.8697, -0.8343, 0.8342, -0.9094, 0.7293, -1.7899, 1.0025, 0.9190, -0.8536, 0.0203, -0.4448, -0.6450, 0.6484, -1.1679, 0.5364, 0.3075, 0.2365, 0.0424, -0.0096, 1.2520, -0.9534, -2.9452, 0.6643, 1.8689, 1.6532, -0.5947, -0.5184, -1.8923, -0.2487, -0.5371, -0.0534, 0.4183, -0.3269, -0.1781, 0.7309, -0.3255, -0.1692, -1.8301, -0.2958, -2.6934, 0.1967, 0.6362, -0.2918, 0.7855, 0.7137, 0.4721, -0.0566, -0.1250, -0.4499, 0.2038, -0.3761, 0.2933, 2.2594, 1.7939, -1.0690, -0.2208, -1.5431, 0.1356, 0.3803, -0.7003, -0.2351, 0.0276, -0.8952, 1.7520, 0.3057, -1.2807, 0.8362, -1.2388, 1.7939, -0.4447, 1.7563, -0.3633, -0.5687, 0.6741, -0.6097, 0.7331, 0.9038, 2.3969, -0.3251, 0.6884, 0.7192, -0.2064, 0.0461, -0.8364, -0.8286, 0.2332, -1.9207, 0.1200, -0.1274, -0.7392, -0.2689, -0.9240, 0.2987, -1.3211, 1.7756, -1.1586, 0.3893, 0.2620, -0.6020, 1.2656, 0.0484, 0.2718, 0.8088, 0.0953, 1.7475, 1.4375, 1.1975, 0.2289, 0.6841, 0.7800, -0.1197, -0.9949, -0.6880, -1.4570, 0.1113, -0.9549, 1.8222, -2.4003, -0.1794, -0.3383, -0.4759, -0.6524, 1.1087, 1.3387, 1.4865, -1.2729, 0.2832, 0.2290, -0.7112, -0.0750, 1.3955, -0.7040, -0.7536, 0.9220, -0.5132, 0.4810, 0.1678, -1.1096, -0.9115, 0.7029, -0.3383, 0.5763, 0.2998, 0.9761, 1.6281, 0.4222, -0.2203, -0.2292, -1.0012, 0.9286, -0.6349, 1.0184, 0.4105, -0.1053, -1.3832, -0.1910, 0.5461, -1.1372, -0.6974, -2.2766, 0.8332, -1.5314, 0.3978, 0.3556, 0.0478, -0.1759, 1.2504, 1.4363, -0.7805, 0.0055, -1.5108, -1.4181, 0.6249, -1.5165, -0.6777, 0.5583, -0.7328, -1.6145, 0.5537, -0.9923, 0.1252, -0.5888, 2.0536, -1.3240, 0.5268, -0.7592, 0.9723, -0.0025, 2.7110, -1.3898, -1.2635, 0.2847, -0.1209, -0.6713, -1.1733, 0.6725, -1.0689, 0.4944, -0.5831, 0.5579, -1.1854, 0.4959, 0.0492, -0.0590, -0.5508, 1.3768, -1.5943, -0.7509, -0.7816, -0.6397, 0.6773, 1.0814, 1.1575, 1.1559, -1.9405, -0.6434, 0.2511, 0.0183, -0.1716, -0.0396, 0.1847, -0.7951, 0.2803, -0.5349, 0.9322, 0.7040, -1.7602, -0.1235, -0.5263, -1.0047, 0.2193, -0.5505, -0.3245, 1.7570, 1.2981, 0.7725, 0.4160, -0.8368, -0.8738, -0.6382, -1.3000, -1.0206, -0.3603, -0.7354, 1.1549, 0.5406, -0.0522, -1.0778, -1.4365, -1.5954, -1.3313, -0.2089, 0.0262, -0.4579, 0.1566, 1.0359, 0.6947, -0.1107, 1.1775, 1.5628, -2.1972, 0.9845, -0.6047, 0.1265, 1.2508, -0.5191, -0.0608, -2.1842, -0.7962, -0.3148, -0.0263, 0.2239, 0.1761, 1.3775, -0.0322, 0.7286, 0.6565, -0.1340, 1.1342, -1.6011, 1.6797, -0.5290, -1.2730, 0.8178, -1.1714, -0.2599, 0.9272, 1.1109, 0.7152, 1.4227, -0.9116, 0.9427, 0.3251, 1.1726, 0.9623, 1.5916, 1.6536, -0.6038, 2.0086, 0.5256, -0.5555, 1.6544, -0.6263, 0.2423, -1.0570, 1.1329, 0.9286, 0.1546, -0.3125, -0.8090, 0.1850, -1.8483, 1.0763, -0.1071, -0.1614, -0.1168, -1.0382, -1.0787, -1.4885, -0.3394, 0.6160, 1.1690, -0.7317, -0.2806, -0.0551, 0.9432, 1.8415, -0.2732, -1.0317, 0.7989, -0.7604, -0.5396, 0.3085, 0.8894, -0.2064, -0.3331, -1.0504, -0.0122, 0.9568, -0.1871, -2.0270, 1.4593, 1.1045, 0.9702, -0.0755, -0.7513, -1.0610, 0.4930, -0.3721, 0.2096, 0.5709, -0.0734, -0.3798, 2.5913, 0.2907, -0.4081, 0.5635, 1.4863, -2.2795, -0.8628, 0.7375, 2.2872, 0.5233, -1.6669, 0.8236, 0.5031, 0.6620, -1.0735, 0.0726, -2.2947, 0.9517, -0.0599, 0.0839, 0.7612, 0.2513, 0.1337, -2.6534, 0.4026, 0.2065, -0.8659, 0.8075, 1.4073, -0.1484, 0.5862, -0.8504, 0.1267, -1.8215, -1.0127, -0.1438, 0.2819, 0.4324, -1.0095, 0.0683, 0.4445, -0.2799, -0.6318, 2.2254, 0.8337, -0.5298, -1.1444, 0.5901, -0.7628, 0.9351, 1.6935, -0.6262, 1.0401, 1.3979, -0.4328, 0.3249, 0.9968, 0.2801, -0.8418, 0.6281, -1.5655, 0.8323, 0.0936, 0.9769, 2.3675, -0.7694, 0.1745, 1.3184, -0.0650, 2.1635, 1.3542, -1.1664, 1.5037, 0.3909, -0.4873, -2.0348, -2.2498, 0.4883, -0.1664, -0.1115, -2.7677, -1.4107, 1.1122, 0.3150, 0.4420, 0.2388, 1.0979, 0.0879, 1.1110, 0.7711, 0.8356, 2.1608, 0.8132, 1.0219, -1.0616, 1.9012, 0.0690, -0.5925, 2.8636, 0.1060, 0.6608, 0.0304, -1.9284, -0.4940, 1.2525, -0.3906, -1.9029, -0.0471, 0.5952, -1.0010, -1.2669, 1.1378, -0.1581, 0.8706, -0.7854, 2.0070, -1.0329, 0.0141, 1.0156, -0.9241, -0.1371, -0.5732, -0.2421, -0.4769, -1.0442, 0.1204, 0.6200, -1.5747, -0.7162, 1.1232, -0.8575, 0.1288, 1.1394, 0.1915, -0.3163, -1.3788, 0.7798, 0.7081, -0.2407, -0.7041, 0.9146, -0.3769, -0.1524, -0.8517, -1.1667, 0.8894, -2.1175, -1.1156, -0.4893, -0.2123
Token 2: 1.4616, -1.2191, 0.2924, 0.8097, 0.3839, 0.2133, -0.2406, 0.3554, -1.3576, 0.5687, 0.6059, 1.2827, -0.1901, -1.0509, 1.1207, -1.8802, 0.5434, 0.0745, 0.1791, -0.3429, -1.9565, -1.5606, -0.4010, 0.0986, -2.0161, -0.7799, -0.6886, 0.7925, -0.5606, -1.3108, -0.1530, -0.1571, -0.4760, 0.7392, 1.4184, 0.2642, 1.1459, -0.9294, -0.2439, -1.3546, 1.5231, 0.2832, -0.0140, 1.6687, 2.3123, 0.6824, -1.6827, -0.0982, 1.0018, 1.1992, 1.5712, 0.6840, 1.9034, -0.1225, 0.3378, -1.9623, -0.1917, 0.3432, 1.1473, -0.7730, -0.3419, 1.1662, -0.1671, -0.1886, -0.8713, -1.2169, 0.2479, -0.3105, 0.0239, -0.8120, -1.0763, -1.4469, -0.2496, 0.0902, -0.8630, -0.5188, 0.2550, 2.2430, 0.4817, -0.1265, -0.9309, 0.8602, 1.5126, -0.8887, -1.0491, -0.8102, -0.1097, 1.3214, -1.0170, -0.1799, -1.3129, -1.2372, 1.8752, 0.8207, -0.6259, 0.8920, -0.4700, 1.7743, -0.6292, 0.5096, 0.2713, 0.7179, -0.1503, 0.5145, -0.1977, 1.3253, 0.8409, -1.1095, 1.0365, -1.7995, 0.9541, -3.7715, -1.2330, 2.4058, -0.1706, 0.1762, 0.5313, -0.5459, -0.2746, 0.6694, 1.1825, 0.1390, -1.6161, -0.0743, 0.6957, -2.3232, 0.5071, 1.7172, 0.6961, 1.1807, 1.7237, 0.9858, 0.2984, 0.1247, 0.0127, 0.7737, 0.2358, 1.0439, -0.4767, -0.9362, -1.1684, -1.2815, 0.5613, -0.3271, 0.1302, 0.5914, -0.1021, -1.7092, -0.2379, 0.4512, 0.1560, 0.2664, -0.5668, -0.3514, -0.2129, 1.4222, 0.0092, 0.2431, 0.9158, 0.6914, -0.3138, 1.0465, -0.4810, 0.3869, 2.3924, -1.3145, 0.7827, -0.1665, 0.0235, -0.7322, -1.4243, -1.5442, 2.4101, 1.4755, -0.0329, -0.9765, 0.0333, 0.4718, -2.0630, 0.2548, 0.9265, 0.2698, 1.3175, -0.4713, -0.4385, 0.7165, 0.1813, -1.4685, 0.5419, -0.3966, 0.2346, -0.5833, -0.4829, -0.5499, -1.1550, -1.7744, 0.2239, 0.6481, 0.0120, 0.6590, 0.2926, 1.3270, -0.6257, 1.2453, 0.0353, -1.0706, 0.9825, -1.0335, 1.4278, 0.6012, -1.7597, -0.1988, 0.4239, -0.2278, 0.7548, 0.2687, 0.9280, 0.2814, -0.3160, 0.0615, 0.8579, -0.4241, -0.4263, 0.6899, -0.1999, -1.5730, -1.1688, -1.1967, -0.5789, 1.0445, 0.1030, -0.4471, 0.4905, -0.8822, -1.1068, -1.2388, 0.0813, -0.5666, 0.6489, 0.2095, -0.4914, 0.3276, 0.5536, -1.5072, -0.2384, 0.5723, 0.2599, 0.7555, 0.2806, -0.6282, -0.8511, -0.9851, 0.2744, -0.4013, 0.1540, 0.4304, 0.2429, 1.4313, -1.1948, -1.0069, -1.1312, 0.6347, 1.4828, -1.1410, -1.6299, 0.8697, -0.8345, 0.8339, -0.9098, 0.7293, -1.7904, 1.0029, 0.9197, -0.8538, 0.0200, -0.4452, -0.6462, 0.6488, -1.1688, 0.5359, 0.3065, 0.2361, 0.0423, -0.0097, 1.2515, -0.9537, -2.9451, 0.6638, 1.8694, 1.6531, -0.5947, -0.5176, -1.8927, -0.2485, -0.5363, -0.0542, 0.4176, -0.3273, -0.1777, 0.7305, -0.3254, -0.1697, -1.8300, -0.2950, -2.6935, 0.1963, 0.6363, -0.2927, 0.7852, 0.7139, 0.4719, -0.0566, -0.1258, -0.4491, 0.2041, -0.3761, 0.2926, 2.2592, 1.7943, -1.0689, -0.2203, -1.5433, 0.1357, 0.3798, -0.7008, -0.2350, 0.0283, -0.8957, 1.7520, 0.3055, -1.2805, 0.8356, -1.2387, 1.7938, -0.4455, 1.7562, -0.3637, -0.5696, 0.6743, -0.6100, 0.7330, 0.9044, 2.3969, -0.3244, 0.6876, 0.7190, -0.2061, 0.0459, -0.8361, -0.8284, 0.2325, -1.9201, 0.1203, -0.1272, -0.7389, -0.2690, -0.9240, 0.2979, -1.3205, 1.7757, -1.1589, 0.3885, 0.2625, -0.6027, 1.2657, 0.0476, 0.2725, 0.8092, 0.0963, 1.7484, 1.4368, 1.1971, 0.2286, 0.6834, 0.7801, -0.1195, -0.9943, -0.6882, -1.4570, 0.1115, -0.9552, 1.8216, -2.4005, -0.1793, -0.3386, -0.4763, -0.6515, 1.1082, 1.3392, 1.4867, -1.2724, 0.2836, 0.2281, -0.7108, -0.0759, 1.3954, -0.7052, -0.7539, 0.9219, -0.5131, 0.4803, 0.1664, -1.1103, -0.9117, 0.7038, -0.3371, 0.5772, 0.3002, 0.9750, 1.6278, 0.4222, -0.2204, -0.2293, -1.0009, 0.9297, -0.6341, 1.0188, 0.4105, -0.1053, -1.3832, -0.1902, 0.5462, -1.1368, -0.6978, -2.2769, 0.8339, -1.5313, 0.3980, 0.3563, 0.0475, -0.1757, 1.2493, 1.4356, -0.7797, 0.0065, -1.5110, -1.4177, 0.6251, -1.5161, -0.6775, 0.5585, -0.7331, -1.6146, 0.5528, -0.9926, 0.1249, -0.5878, 2.0529, -1.3238, 0.5271, -0.7592, 0.9709, -0.0008, 2.7101, -1.3901, -1.2640, 0.2845, -0.1210, -0.6721, -1.1739, 0.6719, -1.0683, 0.4953, -0.5820, 0.5581, -1.1849, 0.4976, 0.0494, -0.0591, -0.5514, 1.3765, -1.5950, -0.7512, -0.7815, -0.6401, 0.6777, 1.0805, 1.1567, 1.1558, -1.9413, -0.6429, 0.2505, 0.0189, -0.1716, -0.0386, 0.1855, -0.7956, 0.2806, -0.5350, 0.9321, 0.7045, -1.7605, -0.1234, -0.5266, -1.0048, 0.2185, -0.5494, -0.3247, 1.7571, 1.2982, 0.7726, 0.4156, -0.8366, -0.8738, -0.6380, -1.2997, -1.0209, -0.3603, -0.7357, 1.1558, 0.5406, -0.0520, -1.0772, -1.4371, -1.5957, -1.3312, -0.2088, 0.0248, -0.4582, 0.1562, 1.0360, 0.6940, -0.1095, 1.1782, 1.5632, -2.1977, 0.9846, -0.6050, 0.1262, 1.2511, -0.5190, -0.0602, -2.1849, -0.7960, -0.3139, -0.0271, 0.2234, 0.1755, 1.3766, -0.0310, 0.7291, 0.6573, -0.1347, 1.1343, -1.6009, 1.6796, -0.5290, -1.2733, 0.8190, -1.1714, -0.2599, 0.9274, 1.1106, 0.7151, 1.4230, -0.9116, 0.9430, 0.3260, 1.1727, 0.9620, 1.5915, 1.6543, -0.6041, 2.0080, 0.5247, -0.5552, 1.6538, -0.6262, 0.2419, -1.0565, 1.1331, 0.9284, 0.1546, -0.3131, -0.8092, 0.1855, -1.8478, 1.0766, -0.1069, -0.1613, -0.1163, -1.0377, -1.0795, -1.4879, -0.3403, 0.6160, 1.1695, -0.7309, -0.2812, -0.0551, 0.9437, 1.8425, -0.2737, -1.0328, 0.7990, -0.7605, -0.5393, 0.3082, 0.8888, -0.2069, -0.3330, -1.0497, -0.0123, 0.9574, -0.1875, -2.0261, 1.4593, 1.1041, 0.9706, -0.0755, -0.7512, -1.0606, 0.4934, -0.3721, 0.2098, 0.5711, -0.0726, -0.3792, 2.5921, 0.2913, -0.4079, 0.5653, 1.4860, -2.2808, -0.8627, 0.7372, 2.2873, 0.5224, -1.6657, 0.8239, 0.5033, 0.6615, -1.0737, 0.0723, -2.2948, 0.9525, -0.0597, 0.0830, 0.7609, 0.2508, 0.1349, -2.6530, 0.4012, 0.2061, -0.8659, 0.8070, 1.4072, -0.1493, 0.5864, -0.8498, 0.1270, -1.8220, -1.0123, -0.1433, 0.2821, 0.4327, -1.0097, 0.0686, 0.4445, -0.2801, -0.6318, 2.2247, 0.8336, -0.5307, -1.1447, 0.5896, -0.7624, 0.9348, 1.6944, -0.6268, 1.0392, 1.3980, -0.4330, 0.3238, 0.9968, 0.2806, -0.8413, 0.6285, -1.5660, 0.8331, 0.0934, 0.9767, 2.3672, -0.7688, 0.1747, 1.3186, -0.0658, 2.1637, 1.3535, -1.1668, 1.5044, 0.3910, -0.4873, -2.0337, -2.2496, 0.4880, -0.1660, -0.1117, -2.7678, -1.4111, 1.1123, 0.3148, 0.4425, 0.2398, 1.0984, 0.0882, 1.1111, 0.7709, 0.8350, 2.1602, 0.8133, 1.0214, -1.0621, 1.9011, 0.0691, -0.5925, 2.8636, 0.1068, 0.6618, 0.0305, -1.9276, -0.4942, 1.2524, -0.3899, -1.9024, -0.0478, 0.5947, -1.0015, -1.2673, 1.1377, -0.1581, 0.8709, -0.7855, 2.0072, -1.0330, 0.0138, 1.0156, -0.9242, -0.1368, -0.5731, -0.2416, -0.4768, -1.0445, 0.1199, 0.6194, -1.5742, -0.7160, 1.1234, -0.8586, 0.1285, 1.1400, 0.1918, -0.3153, -1.3794, 0.7798, 0.7087, -0.2397, -0.7043, 0.9151, -0.3772, -0.1527, -0.8516, -1.1672, 0.8891, -2.1170, -1.1155, -0.4889, -0.2120
Token 3: 1.4611, -1.2200, 0.2917, 0.8092, 0.3844, 0.2119, -0.2413, 0.3540, -1.3580, 0.5686, 0.6056, 1.2816, -0.1907, -1.0517, 1.1206, -1.8804, 0.5428, 0.0741, 0.1791, -0.3440, -1.9571, -1.5613, -0.4017, 0.0976, -2.0157, -0.7796, -0.6884, 0.7924, -0.5610, -1.3118, -0.1540, -0.1583, -0.4774, 0.7381, 1.4181, 0.2636, 1.1452, -0.9299, -0.2438, -1.3548, 1.5234, 0.2830, -0.0132, 1.6680, 2.3122, 0.6828, -1.6820, -0.0990, 1.0020, 1.1989, 1.5710, 0.6835, 1.9034, -0.1232, 0.3385, -1.9625, -0.1903, 0.3430, 1.1471, -0.7736, -0.3408, 1.1664, -0.1674, -0.1886, -0.8710, -1.2176, 0.2479, -0.3103, 0.0233, -0.8112, -1.0765, -1.4472, -0.2496, 0.0897, -0.8624, -0.5196, 0.2545, 2.2425, 0.4819, -0.1270, -0.9300, 0.8599, 1.5122, -0.8888, -1.0495, -0.8096, -0.1096, 1.3221, -1.0173, -0.1794, -1.3122, -1.2373, 1.8749, 0.8197, -0.6258, 0.8928, -0.4697, 1.7740, -0.6292, 0.5090, 0.2706, 0.7177, -0.1500, 0.5136, -0.1973, 1.3253, 0.8413, -1.1096, 1.0361, -1.8002, 0.9545, -3.7718, -1.2332, 2.4060, -0.1711, 0.1774, 0.5323, -0.5459, -0.2743, 0.6691, 1.1825, 0.1391, -1.6158, -0.0743, 0.6966, -2.3236, 0.5064, 1.7179, 0.6962, 1.1805, 1.7227, 0.9858, 0.2982, 0.1241, 0.0132, 0.7738, 0.2363, 1.0434, -0.4766, -0.9360, -1.1685, -1.2818, 0.5616, -0.3271, 0.1312, 0.5922, -0.1015, -1.7100, -0.2381, 0.4515, 0.1562, 0.2667, -0.5667, -0.3512, -0.2135, 1.4227, 0.0091, 0.2429, 0.9154, 0.6917, -0.3133, 1.0462, -0.4812, 0.3876, 2.3926, -1.3143, 0.7836, -0.1662, 0.0235, -0.7330, -1.4244, -1.5439, 2.4105, 1.4747, -0.0327, -0.9763, 0.0336, 0.4719, -2.0621, 0.2537, 0.9265, 0.2699, 1.3180, -0.4697, -0.4379, 0.7164, 0.1811, -1.4683, 0.5423, -0.3956, 0.2348, -0.5836, -0.4830, -0.5491, -1.1556, -1.7743, 0.2236, 0.6490, 0.0118, 0.6599, 0.2926, 1.3279, -0.6246, 1.2457, 0.0359, -1.0704, 0.9827, -1.0333, 1.4277, 0.6016, -1.7603, -0.1989, 0.4231, -0.2280, 0.7550, 0.2678, 0.9286, 0.2820, -0.3157, 0.0618, 0.8584, -0.4238, -0.4262, 0.6892, -0.1997, -1.5728, -1.1693, -1.1965, -0.5785, 1.0442, 0.1035, -0.4478, 0.4907, -0.8827, -1.1077, -1.2385, 0.0815, -0.5661, 0.6497, 0.2101, -0.4910, 0.3274, 0.5530, -1.5067, -0.2386, 0.5727, 0.2594, 0.7562, 0.2812, -0.6285, -0.8518, -0.9851, 0.2737, -0.4004, 0.1541, 0.4295, 0.2425, 1.4319, -1.1942, -1.0072, -1.1315, 0.6347, 1.4829, -1.1402, -1.6299, 0.8698, -0.8343, 0.8336, -0.9107, 0.7293, -1.7905, 1.0030, 0.9195, -0.8537, 0.0201, -0.4455, -0.6469, 0.6490, -1.1693, 0.5353, 0.3060, 0.2352, 0.0427, -0.0096, 1.2513, -0.9537, -2.9449, 0.6634, 1.8693, 1.6524, -0.5951, -0.5170, -1.8931, -0.2482, -0.5350, -0.0544, 0.4167, -0.3275, -0.1774, 0.7302, -0.3251, -0.1706, -1.8298, -0.2948, -2.6941, 0.1964, 0.6361, -0.2930, 0.7840, 0.7137, 0.4718, -0.0558, -0.1271, -0.4483, 0.2040, -0.3762, 0.2926, 2.2595, 1.7938, -1.0691, -0.2196, -1.5435, 0.1359, 0.3797, -0.7014, -0.2351, 0.0292, -0.8961, 1.7521, 0.3059, -1.2798, 0.8354, -1.2383, 1.7942, -0.4463, 1.7559, -0.3642, -0.5697, 0.6741, -0.6100, 0.7322, 0.9043, 2.3975, -0.3239, 0.6877, 0.7192, -0.2057, 0.0457, -0.8358, -0.8284, 0.2319, -1.9194, 0.1204, -0.1268, -0.7383, -0.2689, -0.9236, 0.2973, -1.3195, 1.7751, -1.1594, 0.3878, 0.2631, -0.6036, 1.2660, 0.0467, 0.2732, 0.8099, 0.0968, 1.7492, 1.4359, 1.1967, 0.2285, 0.6823, 0.7795, -0.1199, -0.9934, -0.6885, -1.4568, 0.1121, -0.9555, 1.8211, -2.4002, -0.1790, -0.3391, -0.4769, -0.6507, 1.1078, 1.3398, 1.4864, -1.2717, 0.2844, 0.2277, -0.7107, -0.0761, 1.3948, -0.7062, -0.7546, 0.9218, -0.5132, 0.4794, 0.1648, -1.1108, -0.9119, 0.7045, -0.3363, 0.5776, 0.3003, 0.9741, 1.6281, 0.4224, -0.2196, -0.2290, -0.9995, 0.9305, -0.6332, 1.0180, 0.4112, -0.1059, -1.3832, -0.1893, 0.5464, -1.1364, -0.6974, -2.2777, 0.8344, -1.5317, 0.3979, 0.3570, 0.0475, -0.1762, 1.2486, 1.4354, -0.7785, 0.0071, -1.5113, -1.4174, 0.6249, -1.5162, -0.6775, 0.5586, -0.7336, -1.6149, 0.5522, -0.9932, 0.1241, -0.5866, 2.0521, -1.3235, 0.5272, -0.7587, 0.9698, 0.0012, 2.7098, -1.3902, -1.2644, 0.2844, -0.1208, -0.6729, -1.1746, 0.6715, -1.0678, 0.4966, -0.5810, 0.5586, -1.1848, 0.4991, 0.0495, -0.0590, -0.5522, 1.3766, -1.5951, -0.7507, -0.7808, -0.6412, 0.6780, 1.0795, 1.1561, 1.1555, -1.9414, -0.6425, 0.2501, 0.0197, -0.1711, -0.0379, 0.1863, -0.7958, 0.2810, -0.5347, 0.9327, 0.7051, -1.7598, -0.1234, -0.5266, -1.0050, 0.2178, -0.5485, -0.3251, 1.7574, 1.2983, 0.7726, 0.4146, -0.8356, -0.8733, -0.6374, -1.2996, -1.0212, -0.3598, -0.7360, 1.1563, 0.5407, -0.0518, -1.0766, -1.4376, -1.5962, -1.3310, -0.2086, 0.0235, -0.4581, 0.1559, 1.0366, 0.6938, -0.1093, 1.1789, 1.5637, -2.1985, 0.9854, -0.6053, 0.1256, 1.2508, -0.5184, -0.0598, -2.1852, -0.7961, -0.3131, -0.0273, 0.2231, 0.1751, 1.3758, -0.0304, 0.7291, 0.6576, -0.1350, 1.1343, -1.6008, 1.6797, -0.5292, -1.2739, 0.8195, -1.1713, -0.2595, 0.9281, 1.1099, 0.7154, 1.4232, -0.9121, 0.9432, 0.3272, 1.1731, 0.9619, 1.5927, 1.6554, -0.6043, 2.0072, 0.5238, -0.5546, 1.6537, -0.6262, 0.2414, -1.0566, 1.1328, 0.9283, 0.1550, -0.3136, -0.8100, 0.1857, -1.8474, 1.0759, -0.1069, -0.1613, -0.1158, -1.0374, -1.0799, -1.4876, -0.3410, 0.6163, 1.1698, -0.7305, -0.2821, -0.0551, 0.9444, 1.8434, -0.2738, -1.0338, 0.7990, -0.7608, -0.5390, 0.3081, 0.8884, -0.2069, -0.3333, -1.0495, -0.0123, 0.9575, -0.1873, -2.0257, 1.4591, 1.1036, 0.9710, -0.0753, -0.7510, -1.0600, 0.4934, -0.3718, 0.2101, 0.5714, -0.0717, -0.3781, 2.5934, 0.2918, -0.4080, 0.5666, 1.4859, -2.2816, -0.8629, 0.7373, 2.2872, 0.5213, -1.6649, 0.8238, 0.5032, 0.6611, -1.0740, 0.0716, -2.2954, 0.9536, -0.0591, 0.0823, 0.7599, 0.2504, 0.1361, -2.6524, 0.4002, 0.2067, -0.8663, 0.8071, 1.4069, -0.1503, 0.5865, -0.8492, 0.1271, -1.8220, -1.0119, -0.1428, 0.2824, 0.4327, -1.0095, 0.0682, 0.4451, -0.2803, -0.6319, 2.2236, 0.8339, -0.5315, -1.1450, 0.5893, -0.7623, 0.9341, 1.6953, -0.6274, 1.0382, 1.3984, -0.4334, 0.3233, 0.9973, 0.2802, -0.8413, 0.6286, -1.5659, 0.8342, 0.0937, 0.9767, 2.3672, -0.7680, 0.1751, 1.3191, -0.0665, 2.1636, 1.3534, -1.1665, 1.5045, 0.3905, -0.4874, -2.0333, -2.2494, 0.4874, -0.1658, -0.1113, -2.7672, -1.4113, 1.1120, 0.3141, 0.4424, 0.2404, 1.0982, 0.0888, 1.1111, 0.7713, 0.8350, 2.1596, 0.8135, 1.0209, -1.0626, 1.9010, 0.0689, -0.5924, 2.8636, 0.1075, 0.6625, 0.0308, -1.9273, -0.4946, 1.2522, -0.3895, -1.9019, -0.0484, 0.5938, -1.0023, -1.2677, 1.1381, -0.1578, 0.8713, -0.7861, 2.0070, -1.0326, 0.0136, 1.0159, -0.9245, -0.1364, -0.5737, -0.2417, -0.4764, -1.0442, 0.1200, 0.6190, -1.5737, -0.7162, 1.1240, -0.8599, 0.1286, 1.1412, 0.1919, -0.3150, -1.3799, 0.7798, 0.7096, -0.2386, -0.7051, 0.9159, -0.3768, -0.1522, -0.8514, -1.1681, 0.8896, -2.1167, -1.1152, -0.4884, -0.2121
Token 4: 1.4609, -1.2204, 0.2904, 0.8091, 0.3843, 0.2116, -0.2422, 0.3534, -1.3585, 0.5695, 0.6050, 1.2806, -0.1916, -1.0516, 1.1199, -1.8804, 0.5418, 0.0749, 0.1780, -0.3443, -1.9575, -1.5615, -0.4029, 0.0969, -2.0161, -0.7788, -0.6886, 0.7931, -0.5612, -1.3124, -0.1548, -0.1591, -0.4792, 0.7374, 1.4178, 0.2630, 1.1441, -0.9312, -0.2440, -1.3548, 1.5231, 0.2829, -0.0132, 1.6679, 2.3120, 0.6834, -1.6819, -0.0996, 1.0020, 1.1986, 1.5708, 0.6834, 1.9027, -0.1240, 0.3390, -1.9624, -0.1896, 0.3430, 1.1468, -0.7737, -0.3401, 1.1661, -0.1681, -0.1894, -0.8704, -1.2182, 0.2472, -0.3102, 0.0226, -0.8108, -1.0767, -1.4477, -0.2496, 0.0893, -0.8617, -0.5205, 0.2542, 2.2415, 0.4816, -0.1274, -0.9298, 0.8593, 1.5122, -0.8893, -1.0497, -0.8093, -0.1093, 1.3229, -1.0176, -0.1796, -1.3113, -1.2366, 1.8744, 0.8187, -0.6262, 0.8932, -0.4699, 1.7737, -0.6292, 0.5085, 0.2705, 0.7174, -0.1496, 0.5131, -0.1962, 1.3251, 0.8417, -1.1099, 1.0359, -1.8006, 0.9551, -3.7717, -1.2332, 2.4061, -0.1718, 0.1783, 0.5335, -0.5466, -0.2743, 0.6691, 1.1831, 0.1395, -1.6154, -0.0742, 0.6968, -2.3243, 0.5062, 1.7185, 0.6963, 1.1801, 1.7229, 0.9865, 0.2985, 0.1235, 0.0140, 0.7740, 0.2366, 1.0437, -0.4767, -0.9358, -1.1681, -1.2821, 0.5619, -0.3276, 0.1323, 0.5927, -0.1005, -1.7111, -0.2381, 0.4516, 0.1569, 0.2673, -0.5669, -0.3508, -0.2142, 1.4226, 0.0097, 0.2421, 0.9148, 0.6918, -0.3132, 1.0456, -0.4811, 0.3882, 2.3930, -1.3140, 0.7845, -0.1666, 0.0241, -0.7336, -1.4247, -1.5438, 2.4112, 1.4746, -0.0322, -0.9757, 0.0335, 0.4721, -2.0616, 0.2531, 0.9262, 0.2702, 1.3186, -0.4682, -0.4371, 0.7161, 0.1803, -1.4678, 0.5423, -0.3947, 0.2349, -0.5839, -0.4831, -0.5483, -1.1560, -1.7738, 0.2236, 0.6498, 0.0116, 0.6608, 0.2935, 1.3288, -0.6245, 1.2459, 0.0366, -1.0695, 0.9826, -1.0333, 1.4277, 0.6023, -1.7608, -0.1990, 0.4224, -0.2290, 0.7551, 0.2659, 0.9289, 0.2827, -0.3154, 0.0610, 0.8579, -0.4238, -0.4271, 0.6887, -0.1994, -1.5729, -1.1696, -1.1969, -0.5780, 1.0437, 0.1033, -0.4487, 0.4904, -0.8829, -1.1085, -1.2383, 0.0818, -0.5660, 0.6498, 0.2104, -0.4909, 0.3271, 0.5528, -1.5059, -0.2385, 0.5729, 0.2590, 0.7567, 0.2814, -0.6289, -0.8522, -0.9857, 0.2738, -0.4000, 0.1545, 0.4291, 0.2431, 1.4325, -1.1934, -1.0074, -1.1320, 0.6348, 1.4832, -1.1396, -1.6300, 0.8698, -0.8341, 0.8332, -0.9114, 0.7290, -1.7903, 1.0029, 0.9183, -0.8535, 0.0206, -0.4458, -0.6469, 0.6492, -1.1691, 0.5345, 0.3060, 0.2346, 0.0433, -0.0096, 1.2516, -0.9538, -2.9447, 0.6633, 1.8689, 1.6514, -0.5955, -0.5167, -1.8930, -0.2481, -0.5342, -0.0536, 0.4160, -0.3280, -0.1773, 0.7295, -0.3249, -0.1715, -1.8297, -0.2949, -2.6945, 0.1968, 0.6360, -0.2925, 0.7827, 0.7134, 0.4717, -0.0549, -0.1278, -0.4477, 0.2036, -0.3764, 0.2932, 2.2598, 1.7929, -1.0693, -0.2191, -1.5439, 0.1362, 0.3799, -0.7021, -0.2350, 0.0299, -0.8964, 1.7522, 0.3062, -1.2790, 0.8355, -1.2378, 1.7952, -0.4467, 1.7557, -0.3648, -0.5694, 0.6737, -0.6098, 0.7312, 0.9040, 2.3983, -0.3241, 0.6886, 0.7195, -0.2053, 0.0459, -0.8356, -0.8285, 0.2313, -1.9191, 0.1199, -0.1263, -0.7376, -0.2687, -0.9232, 0.2967, -1.3187, 1.7742, -1.1597, 0.3876, 0.2634, -0.6045, 1.2666, 0.0459, 0.2735, 0.8103, 0.0967, 1.7492, 1.4355, 1.1964, 0.2289, 0.6816, 0.7789, -0.1204, -0.9930, -0.6886, -1.4562, 0.1125, -0.9556, 1.8211, -2.3999, -0.1786, -0.3394, -0.4772, -0.6504, 1.1076, 1.3402, 1.4860, -1.2711, 0.2853, 0.2281, -0.7109, -0.0756, 1.3938, -0.7066, -0.7553, 0.9219, -0.5133, 0.4786, 0.1639, -1.1114, -0.9115, 0.7048, -0.3361, 0.5776, 0.3001, 0.9741, 1.6286, 0.4226, -0.2187, -0.2288, -0.9980, 0.9304, -0.6329, 1.0166, 0.4119, -0.1066, -1.3832, -0.1888, 0.5466, -1.1362, -0.6965, -2.2785, 0.8347, -1.5323, 0.3979, 0.3572, 0.0481, -0.1772, 1.2490, 1.4358, -0.7775, 0.0076, -1.5117, -1.4171, 0.6245, -1.5163, -0.6774, 0.5583, -0.7336, -1.6150, 0.5520, -0.9934, 0.1230, -0.5856, 2.0513, -1.3232, 0.5271, -0.7578, 0.9695, 0.0023, 2.7099, -1.3901, -1.2647, 0.2847, -0.1205, -0.6732, -1.1750, 0.6712, -1.0678, 0.4976, -0.5805, 0.5587, -1.1851, 0.4996, 0.0495, -0.0589, -0.5528, 1.3769, -1.5948, -0.7498, -0.7799, -0.6420, 0.6780, 1.0791, 1.1561, 1.1554, -1.9410, -0.6421, 0.2500, 0.0203, -0.1708, -0.0371, 0.1867, -0.7958, 0.2808, -0.5343, 0.9334, 0.7056, -1.7587, -0.1234, -0.5260, -1.0051, 0.2175, -0.5482, -0.3253, 1.7576, 1.2983, 0.7724, 0.4138, -0.8340, -0.8727, -0.6364, -1.2996, -1.0211, -0.3590, -0.7360, 1.1560, 0.5410, -0.0518, -1.0770, -1.4378, -1.5966, -1.3311, -0.2085, 0.0228, -0.4577, 0.1553, 1.0376, 0.6942, -0.1101, 1.1791, 1.5640, -2.1989, 0.9866, -0.6056, 0.1248, 1.2499, -0.5174, -0.0595, -2.1851, -0.7966, -0.3126, -0.0267, 0.2233, 0.1749, 1.3751, -0.0303, 0.7289, 0.6573, -0.1349, 1.1342, -1.6008, 1.6801, -0.5299, -1.2745, 0.8193, -1.1711, -0.2589, 0.9288, 1.1095, 0.7158, 1.4229, -0.9127, 0.9434, 0.3282, 1.1738, 0.9620, 1.5942, 1.6562, -0.6042, 2.0067, 0.5229, -0.5544, 1.6542, -0.6261, 0.2409, -1.0570, 1.1322, 0.9289, 0.1560, -0.3140, -0.8108, 0.1860, -1.8474, 1.0746, -0.1072, -0.1614, -0.1154, -1.0377, -1.0800, -1.4877, -0.3413, 0.6169, 1.1700, -0.7307, -0.2826, -0.0550, 0.9448, 1.8439, -0.2731, -1.0342, 0.7988, -0.7608, -0.5388, 0.3086, 0.8882, -0.2068, -0.3337, -1.0499, -0.0122, 0.9575, -0.1867, -2.0262, 1.4588, 1.1031, 0.9709, -0.0754, -0.7506, -1.0596, 0.4934, -0.3717, 0.2102, 0.5715, -0.0713, -0.3771, 2.5947, 0.2921, -0.4089, 0.5668, 1.4860, -2.2820, -0.8633, 0.7373, 2.2874, 0.5203, -1.6646, 0.8234, 0.5029, 0.6607, -1.0741, 0.0712, -2.2959, 0.9546, -0.0583, 0.0818, 0.7590, 0.2500, 0.1366, -2.6518, 0.3999, 0.2079, -0.8670, 0.8071, 1.4067, -0.1508, 0.5865, -0.8488, 0.1272, -1.8221, -1.0116, -0.1428, 0.2826, 0.4321, -1.0092, 0.0677, 0.4460, -0.2803, -0.6318, 2.2228, 0.8342, -0.5317, -1.1454, 0.5897, -0.7622, 0.9331, 1.6954, -0.6279, 1.0374, 1.3988, -0.4340, 0.3233, 0.9980, 0.2795, -0.8415, 0.6282, -1.5657, 0.8354, 0.0940, 0.9769, 2.3673, -0.7675, 0.1757, 1.3200, -0.0668, 2.1633, 1.3538, -1.1659, 1.5039, 0.3895, -0.4875, -2.0338, -2.2488, 0.4866, -0.1658, -0.1107, -2.7661, -1.4110, 1.1117, 0.3135, 0.4420, 0.2402, 1.0975, 0.0890, 1.1110, 0.7718, 0.8351, 2.1593, 0.8134, 1.0208, -1.0626, 1.9012, 0.0685, -0.5919, 2.8637, 0.1075, 0.6626, 0.0311, -1.9276, -0.4949, 1.2518, -0.3893, -1.9018, -0.0485, 0.5931, -1.0031, -1.2679, 1.1387, -0.1573, 0.8714, -0.7867, 2.0068, -1.0321, 0.0134, 1.0162, -0.9249, -0.1363, -0.5745, -0.2421, -0.4759, -1.0437, 0.1203, 0.6187, -1.5735, -0.7165, 1.1245, -0.8610, 0.1287, 1.1427, 0.1921, -0.3153, -1.3797, 0.7800, 0.7101, -0.2378, -0.7059, 0.9165, -0.3760, -0.1511, -0.8513, -1.1690, 0.8907, -2.1169, -1.1154, -0.4882, -0.2125

